HINT_old: (0.85, 0.07984359711335656, (0.7701564028866434, 0.9298435971133565)), 8046
HINT_new, after improvements: (0.680568769637903, 0.1159749945003803, (0.5645937751375227, 0.7965437641382833)), 5589
ours_only: (0.71428571428, 0.1207363221, (0.59354939218, 0.83502203638)), 6110
all_ours: (0.69742724195, 0.1183556583, (0.56490184281, 0.80797461911)), 11689